00000000000000000000000000000001
10000000000000000000000000000100
10000000000000000000000000000001
00000000000000000000000000000111
10000000000000000000000000000001
10000000000000000000000000000001
00000000000000000000000000000001
00000000000000000000000000000011
00000000000000000000000000000001
10000000000000000000000000000101
000000001000000000000000000000001
10000000000000000000000000000001
00000000000000000000000000000011
10000000000000000000000000000010
00000000000000000000000000000001
00000000000000000000000000000001
00000000000000000000000000000100
00000000000000000000000000000001
10000000000000000000000000000011
0000000000000000000000000000001